# id	left	top	right	bottom	texture_id
[SPRITES]
#PIPE
25000	129	79	145	94	20
25100	148	79	163	94	20
25200	129	96	145	111	20
25300	148	96	163	111	20
25400	129	113	145	128	20
25500	148	113	163	128	20
#ROCK
26000	408	225	423	240	20
#YELLOW BRICK
20001	300	135	315	150	20
20002	318	135	333	150	20
20003	336	135	351	150	20
20004	354	135	369	150	20
20005	372	135	387	150	20
#Blue Block
21000	149	11	164	26	20
#Switch Block
85000	170	81	185	96	20
85100	188	81	203	96	20

# ani_id	sprite1_id	time1	sprite2_id	time2	...
[ANIMATIONS]
10000	20001	5000	20002	100	20003	100	20004	100	20005	100