# id	left	top	right	bottom	texture_id
[SPRITES]
#GOOMBA
#WALK
30000	5	14	20	29	10
30100	25	14	40	29	10

#DIE
30200	44	21	62	29	10

#PARAGOOMBA
#NORMAL
30300	65	14	80	29	10
30400	83	14	98	29	10
#DIE
30500	101	21	116	29	10
#WINGED
30600 	118	11	137	29	10
30700 	141	11	160	29	10
#FLY
30800 	163	6	182	29	10
30900 	185	6	204	29	10

#KOOPA
#WALK
33100	6	129	21	155	10
33110	28	129	43	155	10
33200	49	129	64	155	10
33210	71	129	86	155	10
#SHELL
33300	29	160	44	175	10
33400	49	160	64	175	10
33410	71	160	86	175	10
33420	91	160	106	175	10
33600	6	160	23	176	10

# ani_id	sprite1_id	time1	sprite2_id	time2	...
[ANIMATIONS]
#GOOMBA
5000	30000	100	30100	100
5001	30200	100

#PARAGOOMBA
5002	30300	100	30400	100
5003	30600	100	30700	100
5004	30600	50	30900	50	30700	50	30800	50
5005	30500	100
#KOOPA
#WALK
33100	33100	100	33110	100
33200	33200	100	33210	100
#SHELL
33300	33300	100
33400	33300	50	33400	50	33410	50	33420	50
33500	33300	50	33420	50	33410	50	33400	50
33600	33300	100	33600	100