# list of object assets to load in this scene
[ASSETS]
background.txt
platform.txt
block.txt
mario.txt
# type	x	y	extra_settings per object type
[PLATFORM]
15	8	8	16	99400
15	8	24	16	99400
15	8	40	16	99400
15	8	56	16	99400
15	8	72	16	99400
15	8	88	16	99400
15	8	104	16	99400
15	8	120	16	99400
15	8	136	16	99400
15	8	152	16	99400
15	8	168	16	99400
15	8	184	16	99400
9	8	200	28100
9	24	200	28200
9	40	200	28100
9	56	200	28200
9	72	200	28100
9	88	200	28200
9	104	200	28100
9	120	200	28200
9	136	200	28100
9	152	200	28200
9	168	200	28100
9	184	200	28200
9	200	200	28100
9	216	200	28200
9	232	200	28100
9	248	200	28200
9	8	216	28101
9	24	216	28201
9	40	216	28101
9	56	216	28201
9	72	216	28101
9	88	216	28201
9	104	216	28101
9	120	216	28201
9	136	216	28101
9	152	216	28201
9	168	216	28101
9	184	216	28201
9	200	216	28101
9	216	216	28201
9	232	216	28101
9	248	216	28201
5	-8	200	16	16	18	100000	100000	100000
[CURTAIN]
15	8	8	16	28000
15	8	24	16	28000
15	8	40	16	28000
15	8	56	16	28000
15	8	72	16	28000
15	8	88	16	28000
15	8	104	16	28000
15	8	120	16	28000
15	8	136	16	28000
15	8	152	16	28000
15	8	168	16	28000
15	8	184	16	28001