# id	left	top	right	bottom	texture_id
[SPRITES]
#HEAD
#RED
31400	137	65	152	80	10
31410	118	65	133	80	10
31420	175	65	190	80	10
31430	156	65	171	80	10
31440	213	65	228	80	10
31450	194	65	209	80	10
31460	252	65	267	80	10
31470	233	65	248	80	10

#GREEN
31300	137	88	152	103	10
31310	118	88	133	103	10
31320	175	88	190	103	10
31330	156	88	171	103	10
31340	213	88	228	103	10
31350	194	88	209	103	10
31360	252	88	267	103	10
31370	233	88	248	103	10
31380	81	88	96	103	10
31390	99	88	114	103	10
#VINE
#GREEN
31100	5	88	20	103	10

# ani_id	sprite1_id	time1	sprite2_id	time2	...
[ANIMATIONS]
#RED_HEAD
31110	31400	500	31410	500
31120	31420	500	31430	500
31130	31440	500	31450	500
31140	31460	500	31470	500
#GREEN_HEAD
31200	31380	500	31390	500
31210	31300	500	31310	500
31220	31320	500	31330	500
31230	31340	500	31350	500
31240	31360	500	31370	500
