# list of object assets to load in this scene
[ASSETS]
mario.txt
coin.txt
platform.txt
mysteryblock.txt
goomba.txt
shroom.txt
leaf.txt
background.txt
block.txt
#
[OBJECTS]
# type	x	y	extra_settings per object type
# type: 0 = Mario , 1 = Brick, 2 = Goomba, 3 = Koopas
# See OBJECT_TYPE constants in AssetIDs.h

#Big_Bush_1
9	16	154	96200
9	16	138	96200
9	16	122	96000

9	32	154	96600
9	32	138	96400
9	32	122	96500
9	32	106	96000

9	48	154	96600
9	48	138	96500
9	48	122	96300
9	48	106	96100

9	64	154	96600
9	64	138	96600
9	64	122	96000

9	80	154	96400
9	80	138	96300
9	80	122	96100

9	96	154	96500
9	96	138	96200
9	96	122	96000

9	112	154	96600
9	112	138	96400
9	112	122	96100

9	128	154	96300
9	128	138	96100

#Cloud_1
9	120	26	97000
9	136	26	97100
9	152	26	97200
9	120	42	97300
9	136	42	97400
9	152	42	97500

#Small_Bush_1
9	160	154	95000
9	176	154	95000
9	192	154	95000

#MysteryBlock
7	176	106	0
7	192	106	0

7	224	58	0
7	240	58	1

#Boxes_1
9	240	154	98160
9	240	138	98130
9	240	122	98100

9	256	154	98170
9	256	138	98140
9	256	122	98110

9	272	154	98180
9	272	138	98150
9	272	122	98120
9	272	106	98230
9	272	90	98200

9	288	154	98270
9	288	138	98240
9	288	122	98240
9	288	106	98240
9	288	90	98210
9	288	154	98510
9	288	138	98510
9	288	122	98500

9	304	154	98270
9	304	138	98240
9	304	122	98240
9	304	106	98240
9	304	90	98210

9	320	154	98280
9	320	138	98250
9	320	122	98250
9	320	106	98250
9	320	90	98220

9	336	154	98510
9	336	138	98510
9	336	122	98510
9	336	106	98510
9	336	90	98500
#MARIO
0	120	10

#Platform
5 	0	170	16	16	40	71000	72000	73000
5 	240	122	16	16	3	100000	100000	100000
5 	272	90	16	16	4	100000	100000	100000