# list of object assets to load in this scene
[ASSETS]
mario.txt
block.txt
platform.txt
background.txt
#
[OBJECTS]
# type	x	y	extra_settings per object type
# type: 0 = Mario , 1 = Brick, 2 = Goomba, 3 = Koopas, 6 = Shroom
# See OBJECT_TYPE constants in AssetIDs.h

#MAP
#1st row
15	8	8	4	55000
15	72	8	9	51000
15	216	8	3	55000
#2nd row
15	8	24 	4	55000
9	72	24	54100
9	88	24	53000
9	104	24	53200
9	120	24	53000
9	136	24	54200
9	152	24	53000
9	168	24	54300
9	184	24	53000
9	200	24	53200
15	216	24	3	55000
#3rd row
15	8	40	4	55000
9	72	40	53100
15	88	40	3	55000
9	136	40	53100
15	152	40	3	55000
9	200	40	53100
15	216	40	3	55000
#4th row
15	8	56	2	53000
9	40	56	52000
9	56	56	53000
9	72	56	53300
15	88	56	3	55000
9	136	56	53400
9	152	56	53000
9	168	56	54400
9	184	56	53000
9	200	56	57100
15	216	56	3	55000
#5th row
15	8	72	4	55000
10	72	72	27000
15	88	72	3	55000
9	136	72	53100
15	152	72	7	55000
#6th row
15	8	88	4	55000
9	72	88	53400
9	88	88	53000
9	104	88	57200
9	120	88	53000
9	136	88	57000
15	152	88	2	55000
9	184	88	58200
9	200	88	58000
9	216	88	58300
15	232	88	2	55000
#7th row
15	8	104	2	55000
15	40	104	2	51000
9	72	104	53100
9	88	104	51000
15	104	104	3	55000
9	152	104	58200
9	168	104	58000
9	184	104	58500
9	200	104	57310
9	216	104	58100
15	232	104	2	55000
#8th row
15	8	120	3	51000
9	56	120	56000
9	72	120	53400
9	88	120	56000
9	104	120	57100
9	120	120	53000
9	136	120	53200
9	152	120	59000
9	168	120	53000
9	184	120	53200
9	200	120	57300
9	216	120	58100
15	232	120	2	55000
#9th row
15	8	136	2	51000
15	40	136	2	56000
9	72	136	53100
15	88	136	2	56000
9	120	136	51000
9	136	136	53100
9	152	136	58100
15	168	136	3	51000
9	216	136	58100
15	232	136	2	55000
#10 row
15	8	152	2	51000
15	40	152	2	56000
9	72	152	54500
9	88	152	53000
9	104	152	53200
9	120	152	53000
9	136	152	54600
9	152	152	58400
15	168	152	3	58000
9	216	152	58500
15	232	152	2	55000
#11th row
15	8	168	3	51000
15	56	168	3	56000
15	104	168	6	51000
9	200	168	55000
15	216	168	2	51000
9	248	168	55000
#12th row
15	8	184	16	51000
#node
18	40	56	0	1	0	0	-1	-1
18	72	56	1	0	1	0	0	-1
18	72	24	0	-1	0	1	1	3

#MARIO
40	40	56
#HUB
45	16	202